# Cameras (230)
# PhotoID, X, Y, Z, Omega, Phi, Kappa, r11, r12, r13, r21, r22, r23, r31, r32, r33
20170209_110300.jpg	-2.6128108764916425	37.4709936110616370	10.6636487875825010	-169.2259456697927100	-4.4538918987290907	-0.5894722259783186	0.9969273863895282	0.0246228148946875	-0.0743606297257256	0.0102569813283772	-0.9821706623232595	-0.1877114391972932	-0.0776568129694609	0.1863719588837112	-0.9794053871310258
20170209_110301.jpg	-2.5746973451909394	37.1540523254375690	10.4533904271316410	-169.6881565131037300	-4.7536563741376181	-1.7425627560128192	0.9960993531888165	0.0447452641191503	-0.0760522183485066	0.0303041695025877	-0.9829419736951022	-0.1814021324547633	-0.0828718039358374	0.1783898474893808	-0.9804638322881347
20170209_110302.jpg	-2.4889010207251285	36.7342656047724740	10.2644218877895310	-167.3800269565993500	-3.8601920627167079	-2.1299207156831366	0.9970419826886227	0.0509662743650552	-0.0575301975808023	0.0370812502072404	-0.9746198121411536	-0.2207740987186019	-0.0673221036466350	0.2179877534617228	-0.9736267630366901
20170209_110303.jpg	-2.4799201956084391	35.9696556796012740	9.9515025634204886	-166.7714409046052100	-4.1047610702314312	-2.7546673209452903	0.9962822772862269	0.0631454710283765	-0.0586026744609338	0.0479362142946974	-0.9715528747229612	-0.2319205272860578	-0.0715803277756016	0.2282491207127745	-0.9709678653639279
20170209_110304.jpg	-2.5448364711290044	35.1099808071097140	9.6974622213478270	-166.3793393612330900	-4.9097152226485310	-1.9748773620031039	0.9957390111596655	0.0536349685918209	-0.0750140773383630	0.0343348423038565	-0.9706043224821609	-0.2382191591432450	-0.0855858648302441	0.2346285134485998	-0.9683101364842565
20170209_110305.jpg	-2.5857468975276787	34.0420279611299180	9.4006581091422596	-168.0777351705858700	-5.1562725585633302	-2.0129800740272241	0.9953386705798449	0.0529229960887172	-0.0806231190995519	0.0349837580742668	-0.9771728315523172	-0.2095456846299346	-0.0898725070271664	0.2057484234715311	-0.9744693523757592
20170209_110306.jpg	-2.3159988488526975	32.2614473500987910	8.9735078633783534	-163.9783774641922200	-3.9395230368487200	-1.3888093984488115	0.9973440607850271	0.0422521013507359	-0.0593260848891895	0.0241796543053993	-0.9604156744879169	-0.2775195065497039	-0.0687034841511227	0.2753479473854252	-0.9588865100397073
20170209_110307.jpg	-2.4145740840575480	31.7965040000747160	8.8279499348712189	-163.8063194672618600	-4.6133324588835505	-1.2598430155115032	0.9965192374153683	0.0435398603597266	-0.0710893101735292	0.0219154043230154	-0.9595991252035946	-0.2805160137351428	-0.0804308679205409	0.2779816531146463	-0.9572131821162917
20170209_110308.jpg	-2.2781580488735869	30.6894455396285760	8.5508387268539092	-165.2981568179421000	-3.4339963971359895	-1.6684146680025611	0.9977812863082096	0.0433571522312358	-0.0505238759749534	0.0290629367521260	-0.9664069325530141	-0.2553683348044860	-0.0598986677687989	0.2533333733716732	-0.9655228384329661
20170209_110309.jpg	-2.1998410743828321	29.3636837157382940	8.2014267395148703	-166.3178228380453400	-3.9263834578261347	-2.2604814796674346	0.9968765174386560	0.0545074586022997	-0.0571502050398381	0.0393500328096981	-0.9702278240528505	-0.2389760330065482	-0.0684746953060226	0.2359807330914744	-0.9693422046482644
20170209_110310.jpg	-2.2820477968277864	28.2818777470424790	7.8708445178480284	-165.2974142253085600	-3.8496754967511384	-1.8047599981378988	0.9972487004050534	0.0474940973743568	-0.0569152023191272	0.0314227340780273	-0.9662398360251727	-0.2557209241753768	-0.0671389702296189	0.2532289280328027	-0.9650738151477658
20170209_110312.jpg	-2.2915439055580209	25.8450251484982410	7.1830448793621562	-166.5295728335076100	-3.2092133228212458	-1.5092923145923427	0.9980853855003236	0.0386506225176617	-0.0482876032711053	0.0262977682784749	-0.9718094138592470	-0.2342965866548602	-0.0559820563595343	0.2325781428112796	-0.9709651985793384
20170209_110313.jpg	-2.2712350689918144	24.6140176827094240	6.8374644614284756	-165.7448706375582800	-3.7822993282225679	-1.6862809591497010	0.9973897730884789	0.0447571676494166	-0.0566607137487225	0.0293628113006859	-0.9683111459943499	-0.2480148178146401	-0.0659656414433526	0.2457037250167584	-0.9670978304503926
20170209_110314.jpg	-2.1864666003876905	23.4858307089917240	6.5504457854602220	-166.2824309859754500	-4.1866175087827537	-1.4505120552537498	0.9970119730700204	0.0418981058901430	-0.0648974134911651	0.0252459593809029	-0.9707269209005890	-0.2388553674795679	-0.0730052538517790	0.2365032637442452	-0.9688841205987212
20170209_110315.jpg	-2.0721558609025785	22.2524691860198690	6.1681207611045323	-165.5467568906789800	-4.6394212159483414	-1.0619014449387640	0.9965522823208793	0.0381306266450006	-0.0736858460812250	0.0184718927242845	-0.9678111987136248	-0.2509985514374122	-0.0808847190773940	0.2487720622500772	-0.9651788037786651
20170209_110316.jpg	-2.0473396541946443	21.1184148722494170	5.8913226386902604	-163.8632973192469500	-4.4524676967838790	-1.0763615233425401	0.9968061597858862	0.0396173127494322	-0.0693393708035202	0.0187282560915666	-0.9600265042172611	-0.2792818712773063	-0.0776320309967677	0.2770912841121115	-0.9577022961403081
20170209_110317.jpg	-2.1281862458282039	19.2798381993465680	5.3950682731458270	-164.9027285658052900	-4.9833485183142185	-0.9091233706354046	0.9960945800182303	0.0379410979760554	-0.0797249066645853	0.0158065546096377	-0.9650045181056792	-0.2617564380621779	-0.0868662217992587	0.2594739931476709	-0.9618354882152792
20170209_110318.jpg	-2.1545422731069830	18.7257398872918300	5.2696737199440804	-167.0687910515680700	-4.9734302505611643	-0.8814546049204514	0.9961171174292203	0.0343916650034484	-0.0810425921524697	0.0153257587903931	-0.9742256609440071	-0.2250543993698218	-0.0866937684150346	0.2229385003459545	-0.9709699354673641
20170209_110319.jpg	-1.9767488290472659	17.4849205921555680	4.6987603174528205	-166.7192235614786000	-3.9737551094944221	-0.6543531703866261	0.9975308404794374	0.0270336131871284	-0.0648182539909551	0.0113929133002851	-0.9730107236182334	-0.2304784876088312	-0.0692995225013812	0.2291709307088721	-0.9709161965376363
20170209_110320.jpg	-2.0152112683416021	16.3426321164488440	4.3682711227811746	-166.3266535714074100	-3.5920527673699989	-0.5083588811541988	0.9979961448455380	0.0234304718601121	-0.0587767629412894	0.0088549893421287	-0.9714895437346574	-0.2369169803496111	-0.0626520872532977	0.2359217654279481	-0.9697502959835412
20170209_110321.jpg	-2.0904287326314499	15.0990227846989530	4.0693840616948167	-167.0261666789772100	-4.1375329124797657	-1.4119077348909035	0.9970909146440619	0.0402043316522769	-0.0647558464593137	0.0245757264869173	-0.9737777128052063	-0.2261702891882604	-0.0721508253723318	0.2239209185410216	-0.9719329609792212
20170209_110322.jpg	-1.9449239983437010	13.0274378199119330	3.4767931737726077	-165.1093713677243800	-3.8142608128189579	-0.4806128928803960	0.9977498384709697	0.0252004237510460	-0.0621304955229048	0.0083695987340102	-0.9662407313769965	-0.2575049491661831	-0.0665222492718461	0.2564055141193624	-0.9642774510901931
20170209_110323.jpg	-1.8133842887204730	12.6838883591558960	3.2800590295534682	-165.5974417536430700	-3.5738423800291068	-0.6285193482781157	0.9979952406899337	0.0261285793357132	-0.0576437065267226	0.0109481795208334	-0.9683437006840338	-0.2493804617662138	-0.0623348772792663	0.2482494203164386	-0.9666884650119352
20170209_110324.jpg	-1.9763636397060529	11.5270737657408710	3.0729131851473568	-164.6958271704301600	-3.8581080012185458	0.0813821688690970	0.9977327352993379	0.0163896044259744	-0.0652745722227380	-0.0014171673593732	-0.9645624506985707	-0.2638508486608351	-0.0672858123884737	0.2633451339385777	-0.9623523054900922
20170209_110325.jpg	-1.9135950868990901	10.4312322138326990	2.5994565088795061	-166.7009020856951300	-3.1502026930930533	0.0124163484072903	0.9984888796038368	0.0124303501114801	-0.0535298393756300	-0.0002163786950696	-0.9731852112281954	-0.2300228202309354	-0.0549537122288844	0.2296868107724928	-0.9717119215433276
20170209_110326.jpg	-1.8925290717439602	9.3394774661213162	2.2617663451932946	-165.8817168541944800	-2.7221942364814615	0.7551530741916787	0.9987847970345398	-0.0011976361062024	-0.0492696141696921	-0.0131646535245030	-0.9698626799999498	-0.2432962676263136	-0.0474933796465676	0.2436492306802386	-0.9686998664595112
20170209_110327.jpg	-1.8966153102239027	8.2459444131811495	1.8033541311525656	-166.2077322123154500	-2.6457626933792127	0.5327052351048748	0.9988908442971117	0.0019751328067937	-0.0470444473854128	-0.0092874155755938	-0.9712268026862986	-0.2379752963138737	-0.0461608610332343	0.2381482659902131	-0.9701312170601074
20170209_110328.jpg	-1.8574637111174461	6.3445248855925618	1.1507779553925399	-167.0879878269469700	-2.5376499114253628	0.3995209348786262	0.9989950558225924	0.0030968149599601	-0.0447134004423643	-0.0069660612149051	-0.9747596590618395	-0.2231481146162723	-0.0442758673903251	0.2232353395023973	-0.9737585074155112
20170209_110329.jpg	-1.8528709969097366	5.9194961820901133	1.0216254267194411	-166.9994783857013400	-2.4500642023179329	0.3910235920280161	0.9990625918238772	0.0029668423441619	-0.0431872141340666	-0.0068183575091953	-0.9744109562310263	-0.2246704216798774	-0.0427486563418505	0.2247542796554540	-0.9734773064419757
20170209_110330.jpg	-1.8261336243812067	4.7746218395148592	0.7269237712330257	-167.7161077701850000	-2.9515657818849927	0.2095815236317718	0.9986667382514949	0.0073809580437689	-0.0510907757670280	-0.0036530270097396	-0.9771389616049480	-0.2125702357040377	-0.0514917595716706	0.2124734599237283	-0.9758092167653742
20170209_110331.jpg	-1.7726814832971789	3.5001869112629960	0.3698718471272967	-166.4109268008218400	-2.1393085859038719	0.9351042774681286	0.9991699326539233	-0.0070934575239916	-0.0401139444671014	-0.0163085492807563	-0.9720195142701370	-0.2343332991668153	-0.0373293035122745	0.2347929869872658	-0.9713283566131929
20170209_110332.jpg	-1.8337222446924484	2.2646943288649037	-0.0593789796235152	-166.7584507156213400	-2.1297817007222295	0.7062539323796625	0.9992332944694540	-0.0034866049594877	-0.0389957280939594	-0.0123176295723082	-0.9734440292378197	-0.2285935212182504	-0.0371631433740600	0.2288985922348491	-0.9727406310252817
20170209_110333.jpg	-1.7611482770569149	0.0496752958264120	-0.6983107600532194	-165.7125650686059500	-1.6118995959097950	1.7969733215367953	0.9991127073779507	-0.0234495501695041	-0.0349845187582991	-0.0313455510793901	-0.9688109889441489	-0.2458103417852666	-0.0281292442740864	0.2466888451023032	-0.9686864091741252
20170209_110334.jpg	-1.7650533127953985	-0.2679845175157598	-0.7976510573876887	-165.8698364554348900	-1.4834892698607227	1.7439872520984463	0.9992017721605597	-0.0231955989622999	-0.0325235714517545	-0.0304234192059476	-0.9694867788175613	-0.2432484352709556	-0.0258888793696523	0.2440437458463733	-0.9694185969117027
20170209_110335.jpg	-1.6212980414009757	-1.5714800478426418	-1.1237309565582914	-165.1368236405288600	-2.3387875411039536	1.1723687164442631	0.9989578393400517	-0.0093100992951077	-0.0446828521042548	-0.0204432229188025	-0.9665529818492800	-0.2556509493722987	-0.0408082082153532	0.2562979815163996	-0.9657360067911270
20170209_110336.jpg	-1.6366150200080702	-2.7306617058294114	-1.4321557684534711	-166.8377282586973300	-3.6096629842174641	0.6064592296382371	0.9979602181661501	0.0040290894528724	-0.0637116111548817	-0.0105635143376729	-0.9738262540885879	-0.2270480984563121	-0.0629588367316921	0.2272579883875815	-0.9717972996419686
20170209_110337.jpg	-1.6990619987147770	-4.0309139218344168	-1.8346651829002463	-165.5520338508570100	-3.4289510175873921	0.2872366079017624	0.9981971898516270	0.0100679796110490	-0.0591692991243504	-0.0050042285709308	-0.9684372691050222	-0.2492071698503413	-0.0598107671638245	0.2490539933326878	-0.9666409780969956
20170209_110338.jpg	-1.6302174151275919	-5.1232642570904323	-2.0757882554314713	-166.1321235400188000	-2.8527078692260424	1.3214685089140703	0.9984951444261369	-0.0104641527559776	-0.0538325929574981	-0.0230333528076916	-0.9708679057441052	-0.2385057111569694	-0.0497685765907014	0.2393867396142795	-0.9696479142869233
20170209_110339.jpg	-1.5835920598258313	-6.7732799226107661	-2.4963798312400334	-168.1739234518382200	-3.7491461095596765	0.4856488713213183	0.9978240521923331	0.0051041294334420	-0.0657351407483032	-0.0084579306613675	-0.9788526426333615	-0.2043917009533719	-0.0653882579321399	0.2045029385422415	-0.9766795399987596
20170209_110340.jpg	-1.5779348226447021	-7.5490007710262912	-2.6487323373189637	-166.6548286593725000	-4.2542735897798760	1.4398022903684717	0.9969298006276450	-0.0073309006841259	-0.0779565937922092	-0.0250574132635145	-0.9731202382331385	-0.2289303998634109	-0.0741828730979428	0.2301809284807046	-0.9703162584965251
20170209_110341.jpg	-1.6146935553671617	-8.8072151515893733	-2.9307838982298042	-168.2678899466540400	-3.8464792194340793	1.0082188886790873	0.9975929077044909	-0.0035898934686794	-0.0692495715696682	-0.0175561943142722	-0.9791974403852413	-0.2021488381964919	-0.0670833104348510	0.2028780062201803	-0.9769034466380113
20170209_110342.jpg	-1.6611124645373447	-9.9762693981817119	-3.2083140846505662	-167.3478559424136200	-4.0076845313874356	1.4217695836984510	0.9972475729442273	-0.0089060798652835	-0.0736067931530893	-0.0247513406963423	-0.9757972652579566	-0.2172718763412019	-0.0698902667800178	0.2184957181651991	-0.9733318918811259
20170209_110343.jpg	-1.5207971877945849	-11.2480632816018210	-3.5369703930216110	-167.2500595177443200	-3.8640262733582085	1.4497798808222679	0.9974073991891207	-0.0098091588818654	-0.0712899743640347	-0.0252432183189565	-0.9754066129189939	-0.2189628265318056	-0.0673888712748321	0.2201947317170109	-0.9731253876825832
20170209_110344.jpg	-1.6223286462747781	-13.1756501966991930	-4.1170229832477476	-167.7694220106653800	-3.7271122814268240	1.6929628977560249	0.9974493893765968	-0.0151079671968799	-0.0697600527482071	-0.0294809919736978	-0.9772832198332889	-0.2098770576897965	-0.0650045132625528	0.2113983385919989	-0.9752359487303783
20170209_110345.jpg	-1.6356686436109740	-13.6065209346124490	-4.2708408035042877	-168.3689932049409200	-3.9365021418136461	1.8248027767329194	0.9971348107748740	-0.0173560196996893	-0.0736270176031891	-0.0317683058568586	-0.9794103024705878	-0.1993645759844432	-0.0686508840725406	0.2011323643640072	-0.9771554779672492
20170209_110346.jpg	-1.5584168595490204	-14.6994436740269860	-4.5500780068534539	-168.7836454231475300	-4.1604801416193427	1.8449058833104739	0.9968477571936784	-0.0174744446235544	-0.0773898750679418	-0.0321092787799081	-0.9808455345322793	-0.1921224390963271	-0.0725502804554707	0.1940017555930515	-0.9783147630658787
20170209_110347.jpg	-1.6354705302070902	-16.0532133101223770	-4.9268008655337452	-168.4960349535797900	-4.6188615761364735	1.9589911459874294	0.9961698712593609	-0.0174468675777494	-0.0856807703445346	-0.0340731685457745	-0.9798871935446046	-0.1966217361141178	-0.0805270562007556	0.1987880648806739	-0.9767285695015977
20170209_110348.jpg	-1.6273717462310717	-17.2037072745516500	-5.2273723054147503	-165.1056585610337800	-4.1540340448170916	2.1609844359152923	0.9966636053825906	-0.0178343921219272	-0.0796466707616656	-0.0376082915777493	-0.9664162726499097	-0.2542148783255191	-0.0724380708631781	0.2563620923910102	-0.9638626476186970
20170209_110349.jpg	-1.6299302887855953	-18.4173228158940070	-5.6089972503757846	-168.6172823602629200	-4.5165506086543532	2.1414345493179354	0.9961984297954676	-0.0211006172907747	-0.0845189471242577	-0.0372503461768833	-0.9802268546989753	-0.1943392009777142	-0.0787470645976544	0.1967487669005891	-0.9772864587930966
20170209_110350.jpg	-1.6444418383673443	-19.8308534154324510	-6.0086708489419385	-168.3970980287955700	-3.9848730152772456	2.6808074092572429	0.9964906764376774	-0.0318543871019478	-0.0774056186277180	-0.0466587719310782	-0.9791467552906477	-0.1977235206182620	-0.0694930987556613	0.2006412959142657	-0.9771968990941283
20170209_110351.jpg	-1.6943977229067630	-20.7642532389418230	-6.2510670397833588	-167.4229414544753400	-4.5250517839327475	2.9371115749349812	0.9955734056073076	-0.0328532619138686	-0.0880582604250519	-0.0510801011606373	-0.9756022067624338	-0.2135208594626970	-0.0788949764743394	0.2170737140740179	-0.9729617594464980
20170209_110352.jpg	-1.7662901769158688	-21.8495356297648050	-6.4957778598053109	-167.0232462619242700	-4.6426922521079188	2.9858843810892366	0.9953656965509864	-0.0326083888767687	-0.0904644853212101	-0.0519190130787815	-0.9740851036910044	-0.2201422877327536	-0.0809416222378532	0.2238189083659971	-0.9712638931039073
20170209_110353.jpg	-1.5326576770651084	-22.9985409928751780	-6.9807875145638549	-168.4190272446293800	-4.5942505388015871	3.1273670882415812	0.9953024322201544	-0.0373889908128338	-0.0893035933355592	-0.0543804617034052	-0.9790602756968188	-0.1961727349490590	-0.0800989001270904	0.2001075708674390	-0.9764943042742050
20170209_110354.jpg	-1.6718554790864482	-24.2162919542104480	-7.2789786921173913	-167.8646978852123100	-3.9941396789568078	3.2819666104727188	0.9959350483934907	-0.0413516856429545	-0.0800213563740457	-0.0571107545143964	-0.9768887311603974	-0.2059775925935274	-0.0696544406355554	0.2097103836873966	-0.9752793517107972
20170209_110355.jpg	-1.7198085928374478	-25.9374953607086990	-7.8229289848110479	-167.4434580613466900	-3.6827540142675939	3.2177718928926455	0.9963616544682860	-0.0408464509022439	-0.0747998726864601	-0.0560152856314172	-0.9753268785281219	-0.2135410213430225	-0.0642319334976832	0.2169540215559072	-0.9740663279519873
20170209_110356.jpg	-1.7537870175440904	-26.6167620620555140	-8.0590470518104222	-167.8751738180004100	-3.5721322840340948	3.0730905294740092	0.9966219033304403	-0.0393460446561432	-0.0720879363827771	-0.0535056796084263	-0.9769879314670166	-0.2064745117864203	-0.0623050884892314	0.2096341349535351	-0.9757928086487584
20170209_110357.jpg	-1.7346704006770295	-27.7209325713384340	-8.3392053109138491	-167.4380318914529900	-3.8094222765226120	2.9523797955930249	0.9964661764802405	-0.0358421879418850	-0.0759637854137669	-0.0513921484349734	-0.9755100669900774	-0.2138666787516286	-0.0664379877034810	0.2170148537878300	-0.9739047936145293
20170209_110358.jpg	-1.7670271149961230	-28.9936054296717070	-8.7451607347612104	-167.2431560426549000	-3.2765665973262723	2.9040742091396785	0.9970831326893059	-0.0368087963521316	-0.0668605939069289	-0.0505811356729766	-0.9747028272545374	-0.2177061029370639	-0.0571557103053745	0.2204529678936503	-0.9737215791623236
20170209_110359.jpg	-1.7267062533057256	-30.1242094963216120	-9.0167725687511826	-168.7677722436440900	-3.6283700628674396	2.7122889108650337	0.9968775093248955	-0.0341011338608167	-0.0712203908413840	-0.0472258398724864	-0.9803302743035458	-0.1916305647131295	-0.0632846857504334	0.1943956428352788	-0.9788796568506916
20170209_110400.jpg	-1.7148799303320008	-31.4164669308053810	-9.3325135637512631	-168.1567535670705000	-3.5128506704679614	2.7483865037121444	0.9969729793959175	-0.0343685094711506	-0.0697401169425396	-0.0478599059414938	-0.9781899633250027	-0.2021232917144910	-0.0612724061686746	0.2048492157831249	-0.9768738357819498
20170209_110401.jpg	-1.6340510849582282	-32.8790938909962090	-9.6577786613403340	-168.7405844965339300	-4.3932036502778047	3.1327300859658771	0.9955718512598599	-0.0386633320096482	-0.0856845128184031	-0.0544886481322957	-0.9801049410056382	-0.1908541114072459	-0.0766007585062331	0.1946778142836165	-0.9778716032394148
20170209_110402.jpg	-1.5667599744954648	-33.8491123605214600	-9.8515181823729865	-168.3458488895449500	-4.0574969921891544	3.1130318201977687	0.9960215895669409	-0.0389142158072678	-0.0801665573955262	-0.0541698116435596	-0.9787157451735136	-0.1979422179727097	-0.0707575057717983	0.2014973299018124	-0.9769299879824521
20170209_110403.jpg	-1.5207946576111115	-34.9926531155795150	-10.1382782603385590	-167.7951807067695400	-4.5157686170694555	2.8526684140564744	0.9956603605522209	-0.0320188618499397	-0.0873798541476010	-0.0496133945092189	-0.9770153114040856	-0.2073152005214531	-0.0787334586455730	0.2107507384751289	-0.9743639816423296
20170209_110404.jpg	-1.5650035338669390	-36.2941767779331460	-10.4874699134434850	-167.1389455542579600	-4.6648250683164205	2.9229612831818805	0.9953908139764482	-0.0316351510938484	-0.0905336659291627	-0.0508242580233193	-0.9745674520935571	-0.2182548421370112	-0.0813266392253050	0.2218501713660415	-0.9716833224961593
20170209_110405.jpg	-1.6852918334855782	-37.4028803412788380	-10.4980434262912080	-166.0746524683596000	-5.2545055956386779	3.0370325713851867	0.9943991304591036	-0.0294158440794393	-0.1015139274152710	-0.0527587575826479	-0.9704145655263320	-0.2356100263415717	-0.0915799259691455	0.2396461540092701	-0.9665313435311093
20170209_110406.jpg	-1.7439712248627393	-39.3679619631326150	-11.3256225354497090	-167.8491865607933800	-3.7021493960719538	2.4505355221112777	0.9970006117454431	-0.0282204155246454	-0.0720651672226509	-0.0426676497152857	-0.9772840525243185	-0.2075942011459347	-0.0645697440523498	0.2100463968490330	-0.9755568970202366
20170209_110407.jpg	-1.6593989209134890	-39.8548658021719650	-11.3790143235170050	-169.7409502205553600	-3.4291050249316228	2.6295575612936015	0.9971584931773221	-0.0345033546429372	-0.0669660959196261	-0.0457961859670789	-0.9834651775115202	-0.1752111696585092	-0.0598134502867172	0.1777800977067396	-0.9822507765454709
20170209_110408.jpg	-1.6653917130023972	-41.1503919414528310	-11.7069037080659440	-168.6280955108239000	-3.7909256770765762	2.9782382649319201	0.9964642479832663	-0.0379177480354152	-0.0749749749921025	-0.0518429754084491	-0.9797211699051938	-0.1935425925743411	-0.0661158709535205	0.1967451997470872	-0.9782228876818085
20170209_110409.jpg	-1.7183728358762793	-42.2863806116571080	-12.0061106568151160	-166.9905505887849100	-3.5965031857687246	3.3628763862285744	0.9963119947435515	-0.0430570984142791	-0.0742192387879898	-0.0585440457664389	-0.9734835359896455	-0.2211388700848261	-0.0627296089213273	0.2246684032819025	-0.9724140603319852
20170209_110410.jpg	-1.6637838025246419	-43.5055578514192480	-12.3287029773542490	-167.9267203073604800	-2.5485153577038275	2.9089628883579719	0.9977236336982677	-0.0403381496173595	-0.0540405814677510	-0.0506989764821850	-0.9770928118122934	-0.2066863587380772	-0.0444653184356523	0.2089556670449352	-0.9769136935606043
20170209_110411.jpg	-1.7208422932445242	-44.6857908700388930	-12.6548880682696510	-169.4181387850466400	-3.6623392991494632	3.0921807507140371	0.9965048345721780	-0.0413119820868052	-0.0726046473053622	-0.0538323801615683	-0.9821950977664502	-0.1799857349061134	-0.0638763612020671	0.1832651359632073	-0.9809860857422853
20170209_110412.jpg	-2.0065878398120200	-45.6052856215464710	-12.8881401943329710	-154.9528250479027300	-17.0881420577395740	3.3446837645912062	0.9542256666745315	0.0713345041503539	-0.2904561336538953	-0.0557669939956965	-0.9116742814223867	-0.4071118359537817	-0.2938425078851429	0.4046744285355797	-0.8659648881156624
20170209_110413.jpg	-2.7395314218801166	-46.0176092177594430	-12.9585604121856800	-160.5866120772580000	-11.0525498268753190	2.2540446342483187	0.9806923805742385	0.0265770757247378	-0.1937423901203734	-0.0386008448544378	-0.9449214254197466	-0.3250130375219401	-0.1917092315465195	0.3262164294278201	-0.9256513445737588
20170209_110414.jpg	-3.6216506918991742	-46.3272144830936770	-13.0512429510703520	-162.1773790908523600	-9.7250799539395665	2.9187614756175080	0.9843510013440862	0.0031584813301102	-0.1761906074357607	-0.0501882283624856	-0.9534062756209930	-0.2974854876129960	-0.1689208331933334	0.3016728320584975	-0.9383279035129862
20170209_110415.jpg	-4.9242469165085812	-46.4935513288138220	-12.9434348147944630	-162.7467188039823300	-9.5935422762256337	2.4921773945972934	0.9850822223343219	0.0078568929544738	-0.1719048704195887	-0.0428748695970686	-0.9562490531200860	-0.2893950482713444	-0.1666576154812856	0.2924483161860251	-0.9416470790917639
20170209_110416.jpg	-5.9674608447905966	-46.6186716391197110	-12.9541952401359630	-162.5239161386496400	-9.2820026983606088	3.9792892750610123	0.9845271954125685	-0.0178717296554984	-0.1743181079870455	-0.0684872395350411	-0.9549042456544971	-0.2889072163375054	-0.1612938297453823	0.2963755774522203	-0.9413531842915979
20170209_110417.jpg	-7.2399636638844873	-46.6273578846543590	-12.7981331982370290	-149.7814155876317800	7.9419611837137909	4.7185330966859649	0.9870518762630560	-0.1403878502879756	0.0775876604693170	-0.0814718781568790	-0.8554624764995401	-0.5114159602230501	0.1381699194295623	0.4984728706688005	-0.8558235043348795
20170209_110418.jpg	-7.6776049336605592	-46.2898651221516390	-12.7085358006623570	-150.5652300563958500	2.0231385833753075	4.5992029624274551	0.9961586527425818	-0.0871276475530915	-0.0087585157389018	-0.0801350749686862	-0.8667202547070192	-0.4923153154639445	0.0353030922986552	0.4911260256924534	-0.8703728618021639
20170209_110419.jpg	-7.8523833473070423	-45.7337593304395260	-12.5704037714613510	-156.0741637044367000	-2.1768918603818364	3.6307303954291488	0.9972726733296303	-0.0425103297626588	-0.0603331326340917	-0.0632800975713607	-0.9132120730421390	-0.4025411021267742	-0.0379847901314719	0.4052611275628950	-0.9134115032147994
20170209_110420.jpg	-8.0105199488122150	-44.7803396634395770	-12.3350842296698850	-159.8477732598100000	-2.9088900041227581	3.5183856679562480	0.9968290809389843	-0.0401613778402285	-0.0686938652596756	-0.0612897542702186	-0.9380840907668514	-0.3409425240001991	-0.0507479006052102	0.3440716529737730	-0.9375709830215839
20170209_110421.jpg	-8.0467643825798518	-43.8509406437398680	-12.0759607623260570	-157.5420323939667400	-3.2015874636226744	3.7257533066885729	0.9963290273646199	-0.0387630963664609	-0.0763275283941178	-0.0648794238400542	-0.9235931666507171	-0.3778443103690770	-0.0558491682377902	0.3814093403106238	-0.9227176087682307
20170209_110422.jpg	-8.0837928334023488	-42.7598073375301770	-11.7600667259672420	-156.7006624985198500	-3.5747113695899317	3.5438200547235987	0.9961458818362752	-0.0321567498017032	-0.0816046906912882	-0.0616916346979445	-0.9182190886550454	-0.3912388623817849	-0.0623500145062175	0.3947653083436898	-0.9166639662490208
20170209_110423.jpg	-8.0050639754869959	-41.4131699168545420	-11.4104833279560310	-157.1142354255266300	-3.8439338731192616	3.2772645564512861	0.9961186157599982	-0.0266392412994747	-0.0838931115132434	-0.0570392647544833	-0.9212658048154199	-0.3847282666429186	-0.0670389857668886	0.3880201898107689	-0.9192095009770962
20170209_110424.jpg	-7.9812327523320095	-40.4799454560486180	-11.1745126727071340	-158.3134262379852300	-4.2563143334206686	3.6082698100828905	0.9952651342705408	-0.0311085271326028	-0.0920845917897380	-0.0627609966794185	-0.9291031907174980	-0.3644561953024952	-0.0742183926075510	0.3685098649130097	-0.9266564140287094
20170209_110425.jpg	-8.0092680251099733	-39.3074109812831550	-10.8724264540889610	-157.5635708049352100	-3.9920006029479107	3.4401522343476008	0.9957761732121118	-0.0289415888322134	-0.0871332158187083	-0.0598603265682476	-0.9242323388701024	-0.3771091686631909	-0.0696171973450903	0.3807321476084826	-0.9220609945178504
20170209_110426.jpg	-7.9401934698609438	-38.0681954828975150	-10.4639047843906730	-157.7032365740348000	-5.3545386594113555	1.8002011238314672	0.9951449252514258	0.0063224140504773	-0.0982171310256434	-0.0312771858534031	-0.9258867372748389	-0.3765042992897233	-0.0933183550617228	0.3777482982345891	-0.9211937406373570
20170209_110427.jpg	-7.8377278006308702	-37.0098394717537000	-10.0758524486416550	-157.3484810358552600	-5.2545656545512900	2.5788916593146363	0.9947891033175150	-0.0062898098237569	-0.1017599047420732	-0.0448058689578668	-0.9235166098091441	-0.3809324159395674	-0.0915809697899367	0.3835068574341352	-0.9189860805656028
20170209_110428.jpg	-7.8868695995577767	-35.4564003833781030	-9.5980932795657274	-159.1901556325206900	-4.9914807996076309	1.4896111161437309	0.9958709826613014	0.0066006879902927	-0.0905395869841963	-0.0258971049280675	-0.9352523026387538	-0.3530332425781652	-0.0870076194913911	0.3539202753826966	-0.9312196909556185
20170209_110429.jpg	-7.8898301927793666	-34.4781035652295390	-9.3528673599992551	-156.4578003198891200	-4.3058651268172312	2.0231367442294093	0.9965558651607848	-0.0023942389139122	-0.0828895363339844	-0.0352034156743914	-0.9172533811383166	-0.3967454527971078	-0.0750808040613300	0.3982970027634519	-0.9141785221996605
20170209_110430.jpg	-7.9178766227285680	-33.3283653110150340	-9.0482487522227188	-157.0180581829667100	-3.4526003054703787	2.6781938010915396	0.9970946745093746	-0.0195297603184030	-0.0736260723314106	-0.0466414698275459	-0.9207210784913570	-0.3874238878980473	-0.0602227810497863	0.3897323236320261	-0.9189569807988899
20170209_110431.jpg	-7.8700983865127148	-32.2392782037300730	-8.7649500892427081	-159.9947578285942300	-3.2345302236341822	1.6844759503658546	0.9979754909311351	-0.0083273482917132	-0.0630521591318521	-0.0293485878453983	-0.9398226721600246	-0.3403997727459170	-0.0564232212146810	0.3415611221500766	-0.9381643885499703
20170209_110432.jpg	-7.9209780733621553	-30.9224398165488200	-8.5114573720126412	-160.0377556290037800	-4.1649312867854933	0.9438959503946423	0.9972237804817128	0.0093082233159858	-0.0738788780400790	-0.0164298427910263	-0.9401987120116041	-0.3402299842717912	-0.0726277626505408	0.3404992495005251	-0.9374355813505032
20170209_110433.jpg	-7.9027323413838966	-28.7129325547968900	-8.1008952833090841	-158.3162548962512500	-3.9809179172688243	0.8580022001039616	0.9974753748494577	0.0117334326267579	-0.0700371553372036	-0.0149382738623051	-0.9295173529591454	-0.3684756959717130	-0.0694242359911078	0.3685916671692632	-0.9269953928420757
20170209_110434.jpg	-7.8994953794557778	-28.4881341525929810	-8.0772404944605860	-158.2660100067824400	-3.8627222203576310	0.9520748286231983	0.9975905768804695	0.0095072141805620	-0.0687215671955829	-0.0165783293793391	-0.9291993150985384	-0.3692069769321775	-0.0673661629772858	0.3694566898824979	-0.9268028670579227
20170209_110435.jpg	-7.8244947446696385	-27.3343054939873510	-7.8490880247906212	-158.6603541988858400	-4.8230865744859166	1.2296943494541948	0.9962295724730892	0.0105998582618542	-0.0861062247164201	-0.0213845770006094	-0.9318817484923964	-0.3621313390101160	-0.0840793601104994	0.3626072942338352	-0.9281414824108586
20170209_110436.jpg	-7.8132242972270864	-26.2811179756491280	-7.5623670350641836	-157.9492974982188100	-4.7930529815676204	1.0915063544305963	0.9963221792708270	0.0137080492998331	-0.0845825305688104	-0.0189826122361706	-0.9272813783441186	-0.3738835457852121	-0.0835570196077002	0.3741140665099683	-0.9236107890846953
20170209_110437.jpg	-7.8022930463982112	-25.2249560586921580	-7.1428820341300892	-153.8083230025042700	-4.2270541939079349	1.3738221594837425	0.9969931142599968	0.0110103563041411	-0.0767039905885531	-0.0239102041707407	-0.8978445599638383	-0.4396628802615194	-0.0737091056428341	0.4401748722921352	-0.8948815840925189
20170209_110438.jpg	-7.8136360419101232	-24.1727944007694900	-6.8082655578401701	-155.2405138053683200	-3.9798493988019406	1.0982830107720356	0.9974052515070246	0.0116569506895254	-0.0710413947415956	-0.0191212588309842	-0.9084641769308516	-0.4175251090582086	-0.0694056318098736	0.4178001373072685	-0.9058840453055236
20170209_110439.jpg	-7.8176823937402871	-22.7487957760457430	-6.3791231217946507	-157.1667804638658500	-4.1214425094174025	1.1499253977632493	0.9972130811496852	0.0093877933793973	-0.0740131077540796	-0.0200167386070282	-0.9220124081373885	-0.3866425344116082	-0.0718707239388137	0.3870464940755303	-0.9192549213707542
20170209_110440.jpg	-7.8463595612482857	-21.8108940563594440	-6.1357240215158289	-161.8052044215263300	-4.0956675322144882	0.4085266190827664	0.9974208320320517	0.0155272879320353	-0.0700755817526010	-0.0071118652903258	-0.9501352808167178	-0.3117569077333001	-0.0714220218180783	0.3114512024006534	-0.9475742943551209
20170209_110441.jpg	-7.8746974531625415	-20.7384889222991260	-5.8591415027972991	-156.5109834341949400	-4.2928770834169825	0.5386391163173239	0.9971503817061183	0.0212118896503855	-0.0723959391181755	-0.0093745128964904	-0.9173764454021961	-0.3979102611509101	-0.0748547578400748	0.3974550454563279	-0.9145634215679152
20170209_110442.jpg	-7.9071270711607982	-19.5303617711494720	-5.5585502887680098	-157.1709239018259200	-4.3318006252391141	0.2069942097956261	0.9971368575585794	0.0259753120194102	-0.0710166914443055	-0.0036024024041437	-0.9217662359010035	-0.3877293244646510	-0.0755321785408049	0.3868750308799861	-0.9190335143434595
20170209_110443.jpg	-7.9198119693806772	-18.3301905235106660	-5.2704092927237207	-155.9502086954974200	-3.3339257724115861	1.1950537460614017	0.9980904128021692	0.0046492101708154	-0.0615947458569583	-0.0208208125438777	-0.9134873087474853	-0.4063341365456380	-0.0581551514262356	0.4068406587376244	-0.9116461247438766
20170209_110444.jpg	-7.7409372865838399	-16.3093743647705940	-4.7825273920365827	-157.1499509078254000	-2.8727669585319022	0.2918021354040713	0.9987303389799783	0.0147684785012177	-0.0481622470789794	-0.0050864857376945	-0.9216114631451740	-0.3880804538523576	-0.0501182368382790	0.3878326998103315	-0.9203662093395497
20170209_110445.jpg	-7.8082919041646948	-16.0747156393076160	-4.6896807464619918	-163.9172779815088500	-3.4132574266398970	0.2102249970422946	0.9982193592852640	0.0129677069464989	-0.0582232713325770	-0.0036626014226821	-0.9609167849055912	-0.2768131460706315	-0.0595373504527681	0.2765334899487797	-0.9591582418130037
20170209_110446.jpg	-7.8538440454589589	-14.9907663746331000	-4.4021831951368746	-153.2624482529940900	-2.7900431845413634	0.7485886909581464	0.9987293622010826	0.0102297505375855	-0.0493458537402863	-0.0130494786258710	-0.8932866056980243	-0.4492980649725696	-0.0486761973146208	0.4493711075318942	-0.8920180690605695
20170209_110447.jpg	-7.9037246061865138	-13.7664181052180710	-4.0814597131807933	-154.1005080559173200	-3.9941675079412970	0.6962811725793265	0.9974974858880310	0.0194910306775747	-0.0679622348822002	-0.0121225841947349	-0.8998649546721260	-0.4360001219098157	-0.0696549251632580	0.4357329033663380	-0.8973767482637616
20170209_110448.jpg	-7.8649224596693799	-12.6587414865644750	-3.8027720171956587	-154.8890235946327900	-4.1284965193672072	0.1323181887395689	0.9974024400184228	0.0284608974102737	-0.0661691012776987	-0.0023033933746672	-0.9055556586232435	-0.4242212200189722	-0.0719935207102557	0.4232716934240059	-0.9031378668407812
20170209_110449.jpg	-7.7957147202687294	-11.4380822698120620	-3.4987216406700230	-157.8460464767562400	-4.6453449250570360	-0.3482153492222214	0.9966966881013999	0.0361684376559145	-0.0727155832351726	0.0060575030377572	-0.9259712306268730	-0.3775454763446415	-0.0809877681174672	0.3758578510140301	-0.9231315492639532
20170209_110450.jpg	-7.8683780613871717	-9.9008494761665613	-3.0455630123924191	-154.7282938178335300	-4.3245038005345995	-0.1186330320344764	0.9971508385716762	0.0340636339547426	-0.0673043384753218	0.0020646406668963	-0.9042248856942743	-0.4270516284362972	-0.0754051881154073	0.4256959301343788	-0.9017189321913487
20170209_110451.jpg	-7.8805850572052529	-8.9363164288223409	-2.7459894947727781	-153.6091407654638200	-4.3294907690131916	-0.3034722889572247	0.9971324221828257	0.0382997028076435	-0.0652691764668251	0.0052814516335498	-0.8955923898492638	-0.4448442171285660	-0.0754919790471401	0.4432238757207586	-0.8932264870068597
20170209_110452.jpg	-7.8335830458789983	-7.8056108806263724	-2.4244136404211218	-154.4954617407154800	-4.2591365929376970	-0.3514812119429949	0.9972195907613718	0.0375143662496857	-0.0643875774245821	0.0061175247132936	-0.9023380295846196	-0.4309856798743187	-0.0742675143861996	0.4293934707121557	-0.9000586556534328
20170209_110453.jpg	-7.8721007706106745	-6.5987139773551933	-2.1008087222511622	-155.3458946688859600	-4.1516363581997489	-0.2832599122216467	0.9973637540540851	0.0346921146104315	-0.0637338158515505	0.0049308251587882	-0.9086821968996255	-0.4174594016199945	-0.0723963332109861	0.4160446156622233	-0.9064577478934563
20170209_110454.jpg	-7.8737432139025731	-5.2832674112965909	-1.7282601144309315	-155.2118973804902900	-4.8063257635685366	-0.9018978583302235	0.9963601619753731	0.0494150309941223	-0.0694592135015813	0.0156850876516224	-0.9071991347621520	-0.4204089769642936	-0.0837878610167919	0.4177892825320594	-0.9046721559479864
20170209_110455.jpg	-7.8615450914656062	-3.1954359936881702	-1.0860546979310151	-157.0867653640612500	-5.1286050925824815	-1.0512402804976995	0.9958289217928605	0.0516965074282201	-0.0751813117775478	0.0182731253338491	-0.9203019425842444	-0.3907818155521053	-0.0893915623054117	0.3877780365046354	-0.9174079479671013
20170209_110456.jpg	-7.8957528988537362	-2.8238004411094222	-0.9671618776639450	-155.1721421814746100	-5.1095564554247224	-0.8818754051819934	0.9959082466324216	0.0513599386633401	-0.0743567144919277	0.0153298612399925	-0.9068903673049732	-0.4210877070680328	-0.0890604269240760	0.4182248419091683	-0.9039669363235320
20170209_110457.jpg	-7.8985715526909948	-1.7557575725201182	-0.5803046562669593	-153.2700379308066900	-4.5340198903903683	-0.1844847071976240	0.9968654046619635	0.0384316363895071	-0.0691547128731260	0.0032097836771239	-0.8930171854666081	-0.4500111151405530	-0.0790510106000287	0.4483785407283923	-0.8903412951994261
20170209_110458.jpg	-7.9686570920757642	-0.5310875095758524	-0.1840764370109866	-156.6060842331101800	-3.1916272762460234	-0.0887413411219248	0.9984477132327195	0.0235275041248651	-0.0504838636596640	0.0015464255956536	-0.9177614543429750	-0.3971290992739571	-0.0556756006544176	0.3964345714893214	-0.9163732089164589
20170209_110459.jpg	-7.9724618444865252	0.5911418205721971	0.1475908352251448	-154.6898790930853500	-3.5814359323108729	0.3817982227106445	0.9980248618474564	0.0206812816849283	-0.0593182916328023	-0.0066505729004764	-0.9041649314482356	-0.4271317672794933	-0.0624671514834875	0.4266826236526118	-0.9022415384244192
20170209_110500.jpg	-7.9961963961160398	1.7928812821763545	0.5188058684443140	-154.2090570181894100	-3.7764380255616867	0.4388343324390867	0.9977993708980895	0.0217595628196446	-0.0626333526268140	-0.0076423985644825	-0.9005806310862440	-0.4346218133693753	-0.0658635648865022	0.4341440410027534	-0.8984324918892021
20170209_110501.jpg	-8.0202414882118624	3.0501320437696360	0.8917728140773138	-155.7017096109645400	-3.5108285469562022	0.6374382285016720	0.9980614723684305	0.0150571042858843	-0.0603869272631510	-0.0111042871241988	-0.9116394861736514	-0.4108407745787949	-0.0612371797295110	0.4107149021639766	-0.9097050494304243
20170209_110502.jpg	-7.9607964221414491	4.2684293578878396	1.2194026487723539	-154.8789015733628700	-3.5884769837781474	0.2134112360385387	0.9980324131397557	0.0231988343094274	-0.0582504627373885	-0.0037174171936576	-0.9055052221580120	-0.4243188346679626	-0.0625898005416573	0.4237004917760342	-0.9036373222354766
20170209_110503.jpg	-7.9942946156365355	5.3528123774906842	1.5058913830248022	-155.1830025382813900	-3.0847381786022976	1.1591369412374715	0.9983467015637857	0.0042205193757067	-0.0573240847542187	-0.0202000645548449	-0.9079241745584412	-0.4186474061120567	-0.0538128318218774	0.4191132072227891	-0.9063378501765983
20170209_110504.jpg	-7.9572161456501949	6.6083133640249256	1.8096625985409842	-155.1318946750286600	-3.2953026324409880	0.7132035537030329	0.9982691884736046	0.0128778737457017	-0.0573828172194488	-0.0124268473781757	-0.9075088536878094	-0.4198490847226871	-0.0574821781815063	0.4198354925992183	-0.9057780955319474
20170209_110505.jpg	-7.9712732408580527	7.7393615770906221	2.0465617064128061	-156.3559761838655800	-4.1303686218965430	0.9010239971248375	0.9972794196051313	0.0144775826844491	-0.0722783427567855	-0.0156843449339325	-0.9163958202694280	-0.3999658759403303	-0.0720261102382036	0.4000113750786810	-0.9136756203662310
20170209_110506.jpg	-8.0162952222701627	9.8172741684378284	2.6001003151413147	-154.9470718814758100	-4.2288132443549822	0.8675197835406276	0.9971632088072752	0.0175058630268690	-0.0732057358467458	-0.0150992783415932	-0.9062859278697937	-0.4223953464927741	-0.0737397233161484	0.4223024528757464	-0.9034506580330693
20170209_110507.jpg	-8.0442411000939291	10.2840775270849370	2.7386086317146443	-154.3241686993702300	-3.7099515005722252	1.0926612353130676	0.9977229387277677	0.0108440231617859	-0.0665683460669864	-0.0190294183486022	-0.9016306074443325	-0.4320881032346040	-0.0647056317003496	0.4323709690546193	-0.8993711838529341
20170209_110508.jpg	-8.0833741017403575	11.3988903811570880	3.0613449311972492	-155.2658392873075300	-3.4579632299367327	0.6291608727125134	0.9981191398479674	0.0152619786122696	-0.0593738551720574	-0.0109607157163806	-0.9084812361264346	-0.4177818884503852	-0.0603162115864260	0.4176468790916844	-0.9066052277616965
20170209_110509.jpg	-8.1405210158677423	12.4424513107382090	3.4254174900905721	-157.0881385857584000	-4.3944567493827877	-0.0337990819613722	0.9970599964886039	0.0303736461299569	-0.0703477435524223	0.0005881710090542	-0.9210870717922409	-0.3893562125253165	-0.0766225649336365	0.3881701273899983	-0.9183969374649632
20170209_110510.jpg	-8.0877382217432281	13.6556577578000680	3.8826750337048481	-155.9917716840341200	-5.4638751066265616	-0.1265580028349918	0.9954540026686566	0.0407588607368284	-0.0860816115229404	0.0021988159765725	-0.9133992342422420	-0.4070589688165427	-0.0952181378690624	0.4050192022078974	-0.9093365449951005
20170209_110511.jpg	-8.1041995756783898	14.6712222031239090	4.2785057219870950	-156.7879325378066500	-4.3524018150537627	-0.0957795378214865	0.9971147489127634	0.0314475281279053	-0.0690885697874945	0.0016668466609232	-0.9190010622783854	-0.3942515303120688	-0.0758907051149603	0.3929988556037329	-0.9164019316715294
20170209_110512.jpg	-8.1579575138831828	16.0096640997613090	4.8130966143909220	-153.0047960539285200	-4.1740662101513886	0.0388624665957028	0.9973472954477535	0.0324346921820587	-0.0651641236118972	-0.0006764788301501	-0.8910667279276229	-0.4538718197429226	-0.0727867751685969	0.4527119140506629	-0.8886810497794705
20170209_110513.jpg	-8.1310769018541027	16.9241031227373000	5.1277367513677277	-155.0767197607845000	-4.5399139570865517	0.1027906925926031	0.9968608306485304	0.0317286368235832	-0.0725381135958140	-0.0017884061619386	-0.9069312472831177	-0.4212748678771247	-0.0791535591247923	0.4200821423326704	-0.9040274928181510
20170209_110514.jpg	-8.0599150609571915	18.1758115726655910	5.5123364334055012	-154.1241427373799700	-4.7325303816796831	-0.1685846496995948	0.9965863906201652	0.0386539727061765	-0.0729481762945568	0.0029323216095864	-0.8996319150048371	-0.4366392320837737	-0.0825043484953946	0.4349348087918002	-0.8966742689408405
20170209_110515.jpg	-8.2319868717816185	19.3128819490544150	5.8159980826672104	-155.9299066630699100	-4.4654034566382590	0.5500091279229998	0.9969185927415649	0.0229882345615972	-0.0749990701136949	-0.0095701842865511	-0.9133099408524902	-0.4071527520633291	-0.0778571192563620	0.4066159035401372	-0.9102756593303693
20170209_110516.jpg	-8.1867860201629021	20.5655232737707680	6.1505347556496490	-155.4523305324589400	-4.3781617869422496	0.6482468366782433	0.9970181048419270	0.0214218069929808	-0.0741350443620837	-0.0112807857255921	-0.9099165352058755	-0.4146379659803820	-0.0763389971824749	0.4142378605874778	-0.9069616046807515
20170209_110517.jpg	-8.1851383729271738	22.2823632274050570	6.6200382895665246	-156.1277332356282800	-2.4880537206864966	2.1439481333900572	0.9983579471195735	-0.0166536518380299	-0.0548093541619367	-0.0373749555119822	-0.9144670682217634	-0.4029306315463870	-0.0434110829589435	0.4043174953156871	-0.9135878944348930
20170209_110518.jpg	-8.2318544624688279	22.9100176375189620	6.7853263273837179	-155.7256096059482200	-2.5147904501386424	1.9828336879389705	0.9984387433024891	-0.0135135223856125	-0.0541983448573845	-0.0345667466408423	-0.9116654224412709	-0.4094768583835317	-0.0438772822678689	0.4107110203509429	-0.9107091971991241
20170209_110519.jpg	-8.2060352452662659	24.0080923186217060	7.1123491048657224	-155.8645743909828200	-4.2979741252854646	1.2229645235545366	0.9969606339207517	0.0111596600586120	-0.0771035433667547	-0.0212831153235411	-0.9130276960503267	-0.4073419389740726	-0.0749434681240310	0.4077448813074279	-0.9100151583095384
20170209_110520.jpg	-8.1913536458349547	25.2486542331324380	7.5043870709813065	-155.4423618220416500	-5.3250560448261108	0.2503352502081445	0.9956747047149571	0.0345966539605623	-0.0862261788873661	-0.0043503040627332	-0.9097034803654278	-0.4152356591931742	-0.0928060194456411	0.4138147524506120	-0.9056182382267345
20170209_110521.jpg	-8.1849267697579116	26.1937663059038640	7.8177953261000095	-172.8355706855681100	-6.8790432159659600	-0.4844722162646550	0.9927657260333282	0.0233268343006854	-0.1177797606341047	0.0083946649934284	-0.9920305431147432	-0.1257176643400437	-0.1197737150345047	0.1238194666802283	-0.9850497433418564
20170209_110522.jpg	-8.2074374337326308	28.1205102994980510	8.6318454743874753	-152.6587192233582500	-5.3300530164447899	1.0257733063841150	0.9955165469454003	0.0267556395292422	-0.0907245309234938	-0.0178247582186898	-0.8889079889547371	-0.4577388613247626	-0.0928928563041959	0.4573037534569624	-0.8844456989108047
20170209_110523.jpg	-8.1932025025775115	28.2771345970273170	8.6807438211514327	-153.1310187437088900	-5.2659362506361518	1.0916987302390506	0.9955986879349681	0.0244762609273504	-0.0904663762576279	-0.0189721718110647	-0.8926707085496746	-0.4503099630190225	-0.0917785883468572	0.4500443519792669	-0.8882774183624280
20170209_110524.jpg	-8.2360298535638066	29.5730939670986390	9.1001993457868426	-156.0011042183475600	-6.1359390890139718	0.3607323172946609	0.9942513878222823	0.0377207597635011	-0.1002063974820465	-0.0062598562966655	-0.9138088945433902	-0.4060961935952273	-0.1068877542687223	0.4043889817196451	-0.9083196350685907
20170209_110525.jpg	-8.2418297289976561	30.7261777051388130	9.4461725025061014	-157.1884836137515200	-6.9686614483146680	0.6243415977503835	0.9925537298031644	0.0369912485280667	-0.1160549050499887	-0.0108161040046667	-0.9222430749596138	-0.3864592120563262	-0.1213264412565839	0.3848367942665709	-0.9149757026449619
20170209_110526.jpg	-8.3134137078440631	31.9420158268870720	9.8870902707781578	-157.0169499409285500	-7.6033909616243465	-0.3061537177304695	0.9911935607679301	0.0565820498277597	-0.1197238352604899	0.0052963845560780	-0.9203312040424054	-0.3911041078491645	-0.1323150535760242	0.3870257698179098	-0.9125260435154871
20170209_110527.jpg	-8.1731772548462089	33.0167392621676110	10.2637887493138020	-155.8948241848460400	-4.3728663621550483	1.1803703633151021	0.9968773897835125	0.0123300626548870	-0.0779964056437059	-0.0205399251529297	-0.9132450757988408	-0.4068925447877874	-0.0762468439551631	0.4072240183045398	-0.9101401088309321
20170209_110528.jpg	-8.8243247593783032	34.6749724994807450	10.6238877903567510	-157.4850873143573200	-5.2724987240502630	1.2195568539735078	0.9955433556014594	0.0155184846519733	-0.0930193729923653	-0.0211936223625004	-0.9243195682084728	-0.3810304006218644	-0.0918926411033116	0.3813037010848559	-0.9198713116790026
20170209_110529.jpg	-8.4346603461782266	35.3108235047478440	10.8713986112932180	-154.7493351463936900	-4.0233518689975432	1.8193807175711860	0.9970326576256672	0.0011997569193584	-0.0769703852870283	-0.0316706038367702	-0.9049444886239835	-0.4243494378006072	-0.0701630421269879	0.4255279463118862	-0.9022212114703772
20170209_110530.jpg	-8.6974375400697639	36.5200775669159800	11.1883543205178170	-179.9269787289079800	-18.6305148187927260	-0.1155455002774735	0.9475964760774852	0.0024237901136627	-0.3194605511906233	0.0019109724703693	-0.9999963333716038	-0.0019187046583296	-0.3194640303848768	0.0012076774541723	-0.9475976333895192
20170209_110531.jpg	-9.3089268923928365	36.6692221549075010	11.0003208456855770	-166.8815029033910700	-18.6510773951566760	1.2465878938466246	0.9472594449615176	0.0513797973134819	-0.3163220832620188	-0.0206128361765704	-0.9752513489607398	-0.2201361336423785	-0.3198040883352742	0.2150463270513653	-0.9227569681697134
20170209_110532.jpg	-10.1192564143729890	36.8704426408365510	11.0364531376625390	-165.5853210761430000	-10.8658981174059120	-0.0260226228399057	0.9820709852107290	0.0473674232838875	-0.1824634407728660	0.0004460374712513	-0.9684980026333901	-0.2490209227067237	-0.1885109573945302	0.2444748373689588	-0.9511549152664979
20170209_110533.jpg	-10.9601499812175810	36.7680715140579440	11.0399076187849370	-164.7213442334491200	-6.5733997120471077	-0.8425589829271725	0.9933186074978564	0.0443478843525217	-0.1065429920359614	0.0146082286784879	-0.9641077623606419	-0.2651090760627284	-0.1144759522930322	0.2617813738779211	-0.9583140240219757
20170209_110534.jpg	-11.9832389373171570	36.5002189835585540	11.0380105871586420	-163.4716542184319500	-9.8797987555879523	-0.4043528890254096	0.9851453501263310	0.0555776417293476	-0.1624800445109290	0.0069525711179475	-0.9583107475701224	-0.2856434365541123	-0.1715817614996392	0.2802706492506799	-0.9444617844514850
20170209_110535.jpg	-12.9574699704550100	36.2341885773071010	11.0520253153182360	-162.9836110701095900	-9.2206445269901582	-0.1185822610609971	0.9870764793582020	0.0488714947205569	-0.1526158605833470	0.0020429066308762	-0.9561219875010136	-0.2929617236937430	-0.1602368572779514	0.2888638468567676	-0.9438653651600928
20170209_110536.jpg	-14.3814089044537370	35.9776526195172930	10.6805481505104610	-175.5134127915659100	7.0448474836646557	-0.9388876480615597	0.9923172109861282	0.0067429359530314	0.1235357664623713	0.0162622409769891	-0.9969590344640569	-0.0762116993571315	0.1226462078464660	0.0776351493540701	-0.9894092637961567
20170209_110537.jpg	-13.9987806953485700	35.1090030203749920	11.3703639003711710	-169.7943136664968100	3.1291079997962545	0.1113602731216065	0.9985071818054141	-0.0115845281594472	0.0533779597805380	-0.0019407044190728	-0.9841573714630268	-0.1772864965566855	0.0545860930033241	0.1769182492065441	-0.9827106855775630
20170209_110538.jpg	-14.4307781327568760	34.0514065743206300	10.9392539771210280	-169.3519428668393800	0.4403392681345586	0.7345348525574814	0.9998882943791349	-0.0140188935546154	0.0051835689528514	-0.0128193218847435	-0.9826817478427897	-0.1848573705402499	0.0076852943990415	0.1847702710939839	-0.9827516894769788
20170209_110539.jpg	-14.6532330366684320	32.6105144700241640	10.4947512815840650	-166.5921477704925200	-2.0984820154635404	1.2889721200505826	0.9990764914588924	-0.0133930911124011	-0.0408263312660406	-0.0224798239892782	-0.9726889639293977	-0.2310212911473006	-0.0366172326589631	0.2317257097527370	-0.9720917516942471
20170209_110540.jpg	-14.7822011788871780	31.8663124368572070	10.1753075716366140	-165.0744994153112900	-3.3083456745446842	0.9187095310648823	0.9982050855745180	-0.0006309632954514	-0.0598849648784146	-0.0160070974805963	-0.9663756525156201	-0.2566356776741227	-0.0577094443173372	0.2571336230646029	-0.9646511908074622
20170209_110541.jpg	-14.3009631981745620	30.7247998094434750	10.4106780569691930	-169.5045609436400600	-2.7073833381287193	0.7507567716428513	0.9987980467816577	-0.0042800945961212	-0.0488276820604226	-0.0130881771995736	-0.9832977413872323	-0.1815330586983008	-0.0472351708236354	0.1819539298092141	-0.9821718821388880
20170209_110542.jpg	-14.4963989907000670	29.5299605435084230	9.7197719760312040	-164.5800256393502500	-4.3940855808699801	1.7162502017352645	0.9966133908785037	-0.0085091433640871	-0.0817884074967860	-0.0298617053078828	-0.9641804468735847	-0.2635608931969227	-0.0766161058639505	0.2651106567942224	-0.9611692421089952
20170209_110543.jpg	-14.4172741907621360	28.3988140380528510	9.3998786110194210	-162.9669589233189100	-4.0984407763213051	1.7121305146189303	0.9969974267964559	-0.0076413467433059	-0.0770567374159733	-0.0298014618269312	-0.9563346352332837	-0.2907506463040114	-0.0714703003647225	0.2921740496231158	-0.9536908937871880
20170209_110544.jpg	-14.3796587424372310	26.5985837712025380	8.7803080140800187	-163.2446747743311400	-5.8758658684408100	2.5958350735985132	0.9937252831012988	-0.0138850502183918	-0.1109831838869124	-0.0450524167812608	-0.9578986454947659	-0.2835497570118168	-0.1023735389024481	0.2867706232160566	-0.9525136577461049
20170209_110545.jpg	-14.3781619038291630	26.1367283516529980	8.6150612988719892	-164.0877558705110500	-5.3225811486205377	1.6858224871009635	0.9952572527128951	-0.0028703173949987	-0.0972356015070220	-0.0292920598391014	-0.9620146893661642	-0.2714216510783646	-0.0927630106926404	0.2729825978368858	-0.9575361743169091
20170209_110546.jpg	-14.3663433827333180	24.9737741523218980	8.0914478391361335	-166.4535135315813100	-4.7981171523398105	1.6015863773922197	0.9961063191202508	-0.0075868816990608	-0.0878330247389323	-0.0278513700838414	-0.9723480041508925	-0.2318699204472819	-0.0836450966474326	0.2334133630490345	-0.9687732963686506
20170209_110547.jpg	-14.4135719780361370	24.0292048194838370	7.7247698901598225	-167.0458413475374800	-4.7295050758350907	1.1924907667443707	0.9963792166229242	-0.0018024158034358	-0.0850012233980163	-0.0207405260678075	-0.9747233274688668	-0.2224505910678839	-0.0824517268486146	0.2234081157552067	-0.9712314484994756
20170209_110548.jpg	-14.4493886013866500	22.8210439082898620	7.2287393343840760	-168.5308400650530700	-4.9867554801878695	1.5372261657554329	0.9958562870185094	-0.0090126885073356	-0.0904932431266448	-0.0267248963116522	-0.9801428434581258	-0.1964835523267825	-0.0869254595779611	0.1980878034198213	-0.9763222759998209
20170209_110549.jpg	-14.4884936744690420	21.8397993404172550	6.9376362545995924	-167.3055007503752200	-4.9879934927208804	1.1810054157102581	0.9960013157782870	-0.0010043889631900	-0.0893329176212877	-0.0205329184165711	-0.9757422202430167	-0.2179576080262551	-0.0869469851646369	0.2189203298874704	-0.9718611582591114
20170209_110550.jpg	-14.4765644124322610	20.2892967091997920	6.4993769017655820	-167.5344277336814700	-3.8137092802574406	1.1754147637515038	0.9975756258852745	-0.0056759041542033	-0.0693588837254112	-0.0204679934769899	-0.9765149328492551	-0.2144752833438875	-0.0665126445319137	0.2153749521983632	-0.9742636696926167
20170209_110551.jpg	-14.4610496407246880	19.4595768308969500	6.2832031085060924	-167.6754217813543400	-3.8641722083013739	1.2517039024574048	0.9974885349894024	-0.0069599576356177	-0.0704853286465104	-0.0217949554237381	-0.9770352053128505	-0.2119603441621893	-0.0673914125298872	0.2129642377700700	-0.9747331075470044
20170209_110552.jpg	-14.4720381558550030	18.1164730753115850	5.8679143129591438	-166.9011670952345100	-3.8584073657817166	1.4121267580515531	0.9974303748389918	-0.0087569175631824	-0.0711053003885076	-0.0245879084767164	-0.9740606062917302	-0.2249474828206078	-0.0672910254438798	0.2261177827270086	-0.9717729499370378
20170209_110553.jpg	-14.4822395210862160	17.0298974565336290	5.5406642693245836	-166.4788025536118700	-4.0545146017760514	1.3239235318142037	0.9972309456115925	-0.0059374725419985	-0.0741295321341101	-0.0230469425487948	-0.9724058877816126	-0.2321543190354345	-0.0707055836109257	0.2332199301677855	-0.9698500835792981
20170209_110554.jpg	-14.4291251705873250	15.7023518697631680	5.2132313022580687	-165.0798024678773900	-3.1605115615916954	0.9948292451914155	0.9983284947854243	-0.0025835774554602	-0.0577368307668571	-0.0173357655391532	-0.9663861871475036	-0.2565096655560600	-0.0551333631537254	0.2570818204736420	-0.9648156558894127
20170209_110555.jpg	-14.3694521230286370	13.9000826235857600	4.7652894878248535	-166.0575014379954300	-3.3136257716836437	0.6169252824295735	0.9982702280863308	0.0034763877984468	-0.0586895769650816	-0.0107491677200243	-0.9706317239471696	-0.2403300061595978	-0.0578014455683611	0.2405451541711460	-0.9689153841770641
20170209_110556.jpg	-14.2279019979254870	13.2748884901608120	4.7437640364038129	-166.6959579202547800	-2.7169277625743562	0.5655453504984559	0.9988272544939990	0.0013018698860953	-0.0483985621148006	-0.0098593728997695	-0.9732229007945715	-0.2296518629034456	-0.0474015658602521	0.2298597191849832	-0.9720687223906532
20170209_110557.jpg	-14.4320132187323620	12.1457181943845640	4.1775915495685885	-166.6529614822737000	-3.2927019966093702	0.5584373495803134	0.9983017216567189	0.0037754284524392	-0.0581327676722118	-0.0097303261416156	-0.9730726946501604	-0.2302929692358268	-0.0574368635147206	0.2304675184625291	-0.9713834102162315
20170209_110558.jpg	-14.2996925800147300	10.9179730188471730	3.9419295320024830	-165.0491050587686500	-3.5669000300021931	1.3500277068380744	0.9977857927303723	-0.0067164806304167	-0.0661694847597003	-0.0235146082145054	-0.9662572639454612	-0.2565033393021420	-0.0622139455905288	0.2574913372534554	-0.9642757054979069
20170209_110559.jpg	-14.2896835787933320	9.8249571468430297	3.5698799629189955	-168.6368589252285200	-4.9469342016712634	1.0727269839338229	0.9961003818679838	-0.0013673117877705	-0.0882165500398444	-0.0186517862123215	-0.9805443817144985	-0.1954093814514072	-0.0862330569651059	0.1962927557160649	-0.9767461358714690
20170209_110600.jpg	-14.2861188949662970	8.6734896456198456	3.1586478569378467	-165.9177005591291700	-4.4251621801899601	1.2900966975278076	0.9967662353618543	-0.0030692097672724	-0.0802972726433556	-0.0224474158550879	-0.9701240390329259	-0.2415687529708072	-0.0771568892840144	0.2425900427508240	-0.9670557820488784
20170209_110601.jpg	-14.2591252705969340	7.2963112697449128	2.7598791406081125	-167.4570940205617300	-4.5331562067418103	1.2998789367274037	0.9966152260004476	-0.0049839287172824	-0.0820563937704931	-0.0226142564318700	-0.9762718273999307	-0.2153646081212827	-0.0790359836410656	0.2164912919258905	-0.9730800757441026
20170209_110602.jpg	-14.2085088837468180	6.4253749073424551	2.5611932438911231	-168.1087121760651800	-3.3468412069582767	1.2990616871876686	0.9980378415823060	-0.0101579894586737	-0.0617841567061441	-0.0226322940553868	-0.9785615461945474	-0.2047073022027483	-0.0583801852988015	0.2057039512491053	-0.9768713520238903
20170209_110603.jpg	-14.1465554998921700	5.2617455319656790	2.2933792597210760	-166.7873439920179200	-2.7889474330317747	1.2661882203227586	0.9985716549221516	-0.0103937650935443	-0.0524082019651090	-0.0220711812811978	-0.9735364787976740	-0.2274633759687006	-0.0486570955040263	0.2282951907014385	-0.9723753354336513
20170209_110604.jpg	-14.2885724980531650	4.0230479875603180	1.7893746377399435	-166.7119039591582600	-3.0465184129380800	1.4733327830594143	0.9982565815731979	-0.0128116807846471	-0.0576164749118310	-0.0256753362958581	-0.9732189838454480	-0.2284416481049997	-0.0531467256930089	0.2295227010957875	-0.9718512001483592
20170209_110605.jpg	-14.2716360648629590	2.9108346379918211	1.4686491946053370	-166.3375707885381300	-2.3521304283094779	1.4390766764410376	0.9988423275914394	-0.0147125229684208	-0.0457989768403146	-0.0250928261499023	-0.9716411851747021	-0.2351249823989593	-0.0410408904329178	0.2360020104579701	-0.9708855217646771
20170209_110606.jpg	-14.3223698204036070	1.1667446748681618	0.8861155161996851	-166.2685320216246800	-2.2757676258366777	2.2563796104170226	0.9984365490597584	-0.0288272750998310	-0.0478899333050196	-0.0393400220807450	-0.9710368214566029	-0.2356689500934396	-0.0397091949594430	0.2371844842854951	-0.9706527186640425
20170209_110607.jpg	-14.2642005267210030	0.5779308955926839	0.7450708856664571	-166.7294592639763700	-2.0934088206652373	1.6998955111793628	0.9988928105085763	-0.0204908333170581	-0.0423471234471738	-0.0296446232555139	-0.9731174332088610	-0.2283936459208894	-0.0365287479434524	0.2293961353967640	-0.9726474508467666
20170209_110608.jpg	-14.2595747613509310	-0.6629449309909884	0.3571999129133583	-167.2023971055571700	-2.3679659859383992	1.8857538340528257	0.9986049778642669	-0.0229421388103518	-0.0475579273256718	-0.0328785721157331	-0.9749316679155278	-0.2200619058153356	-0.0413170386201367	0.2213185513287435	-0.9743259214233235
20170209_110609.jpg	-14.2545689325019450	-1.7055391747155662	0.0049225152505675	-166.3487682757929100	-2.1970544299828254	1.5943686118369098	0.9988780277241145	-0.0179930675598874	-0.0438056531713485	-0.0278029373527394	-0.9716258892652180	-0.2348832220149706	-0.0383364370350558	0.2358376153826179	-0.9710360120850811
20170209_110610.jpg	-14.2065916559570250	-2.8369878244407363	-0.2549649530493960	-166.8427064929430500	-2.4816134145303748	1.1179637669066740	0.9988719904720667	-0.0091447111889686	-0.0465952884704226	-0.0194926125918433	-0.9737557765967754	-0.2267591797452865	-0.0432987841020491	0.2274116571367466	-0.9728356251153650
20170209_110611.jpg	-14.1967968305483790	-4.0822341438171659	-0.6752305558978430	-166.7161311653346400	-2.6565531593381451	1.6954452524121266	0.9984879939186965	-0.0181499372197023	-0.0518874337305094	-0.0295549869631527	-0.9731326271774270	-0.2283405191120637	-0.0463489886170671	0.2295287992860149	-0.9721976658851302
20170209_110612.jpg	-14.1496690704051210	-5.5459400801362833	-1.0908634438530784	-166.3098924463608300	-3.4439036784495749	1.4234377825871900	0.9978860595773101	-0.0099226796890571	-0.0642257933314757	-0.0247962596476428	-0.9716433442207403	-0.2351475220771478	-0.0600712710765781	0.2362429936724567	-0.9698353934209247
20170209_110613.jpg	-14.1589197189357100	-6.5565120907616210	-1.3991176078410867	-166.4482910541520100	-2.8144258197448684	2.2500458034414881	0.9980237412081487	-0.0266708817462195	-0.0568970654056020	-0.0392132586609254	-0.9718610269345962	-0.2322680879303558	-0.0491012457080423	0.2340401854223144	-0.9709862302202885
20170209_110614.jpg	-14.1525050382057460	-7.7686992389325278	-1.7207088569458961	-165.8349146420312600	-2.9893617586573007	2.0457107551935700	0.9980027681836776	-0.0218574613935503	-0.0592682552395982	-0.0356482277289045	-0.9694322648071118	-0.2427556133454839	-0.0521505374613231	0.2443835823707955	-0.9682752636054025
20170209_110615.jpg	-14.1520659842671730	-9.0988835351947284	-1.9972229618795985	-164.4343547733534200	-2.9524561692423603	0.6591124680519493	0.9986065403278199	0.0027391398983092	-0.0527017526000762	-0.0114881595557644	-0.9634188947043137	-0.2677537217607623	-0.0515072791411413	0.2679860638901507	-0.9620449416509297
20170209_110616.jpg	-14.1263070384890530	-10.1920493321380940	-2.4591634232310060	-166.7194582492801700	-4.2224045328746085	1.4560626137975832	0.9969637437389676	-0.0078224554286323	-0.0774732396447273	-0.0253413816829208	-0.9733724698341983	-0.2278241632120562	-0.0736281742567532	0.2290957096061384	-0.9706152934070620
20170209_110617.jpg	-14.1104932924461370	-12.2889924650164610	-3.0283421434474689	-167.0621045461916200	-3.7828731244503815	1.1918130050003062	0.9976053714047822	-0.0055031250989518	-0.0689437347296455	-0.0207542436202072	-0.9747097238014149	-0.2225089115040627	-0.0659756342605323	0.2234069603685502	-0.9724898692237393
20170209_110618.jpg	-14.1164271363384500	-12.7670093374979100	-3.1337276768215516	-167.0538570930707500	-3.6284332425444341	1.4586012014901937	0.9976720730902068	-0.0106339732978023	-0.0673598781752964	-0.0254036185749908	-0.9746262008646860	-0.2223925015628117	-0.0632857862334468	0.2235859727263105	-0.9726274837062975
20170209_110619.jpg	-14.1341456449689530	-13.9266201247961710	-3.4168810178143780	-166.7693410189715500	-3.5487727927878998	1.3924148084815156	0.9977877512100341	-0.0094922665276389	-0.0657989392877379	-0.0242532352239280	-0.9735133758339108	-0.2273400265101495	-0.0618981753882615	0.2284329309636220	-0.9715899402191097
20170209_110620.jpg	-14.1227469558100010	-15.0116110903166540	-3.7296471183716098	-165.7257016755658300	-3.8889761455578151	1.5940841731085900	0.9973112304682144	-0.0102432328898086	-0.0725629779015561	-0.0277543719777080	-0.9692165757552517	-0.2446403975581049	-0.0678233324019071	0.2459965557913966	-0.9668948702525372
20170209_110621.jpg	-14.1283972957678080	-16.3192009975733470	-4.0152198566834665	-166.2793588687619600	-3.6881771022598073	1.4692015744831570	0.9976008455886501	-0.0096554961711769	-0.0685516175921402	-0.0255864929945521	-0.9715355624609607	-0.2355079239641510	-0.0643263884968709	0.2366968995727511	-0.9694517489156418
20170209_110622.jpg	-14.1268780968571870	-18.5933663557994360	-4.6506362334395392	-166.7038391972470800	-4.1152898151926181	1.7184790194003565	0.9969730675922908	-0.0126876555857792	-0.0767054489026323	-0.0299112996878326	-0.9732515295935071	-0.2277866859473648	-0.0717636164543173	0.2293915507154425	-0.9706850672662903
20170209_110623.jpg	-14.1580523439884280	-18.6690650350918470	-4.7458098661739427	-167.3787849869308700	-4.1034687336649940	1.7312777444591163	0.9969811391973699	-0.0138532800998463	-0.0763982638231377	-0.0301344493534204	-0.9758628542423989	-0.2162951794933133	-0.0715578300878436	0.2179444340660107	-0.9733343210905314
20170209_110624.jpg	-14.1948410036046390	-19.9204925941110500	-5.1404515558240664	-167.6761849245944500	-4.2426450294968054	1.3474995351807399	0.9969839053331151	-0.0071884867270923	-0.0772749517327877	-0.0234516940810514	-0.9770580963559103	-0.2116778079773443	-0.0739804741229673	0.2128515961977713	-0.9742797788338842
20170209_110625.jpg	-14.1824626076732600	-21.0215384487614830	-5.3690396968436147	-167.8858015023376400	-3.1679447936105110	1.9594252172448681	0.9978880228207846	-0.0218396099966806	-0.0611761828330162	-0.0341395053212694	-0.9775561123182888	-0.2078906959091059	-0.0552628997361227	0.2095401601229374	-0.9762371295993660
20170209_110626.jpg	-14.1800704813130820	-22.3028708006100300	-5.6379425395398330	-167.0240035070607100	-3.1930293588586629	1.9440642256239666	0.9978728634915189	-0.0205576960268816	-0.0618637975014695	-0.0338711464205390	-0.9743276265994344	-0.2225722837310872	-0.0557000336390822	0.2241942398438897	-0.9729514114658686
20170209_110627.jpg	-14.1866626705786900	-23.4290048002971790	-5.9493474963104935	-167.7861474116179700	-3.2458300592609537	1.8001484252854614	0.9979030646705407	-0.0187295955671383	-0.0619570477914679	-0.0313629548268644	-0.9772587114255199	-0.2097183253973311	-0.0566201252707097	0.2112217157226600	-0.9757968785672072
20170209_110628.jpg	-14.2075115819526640	-25.0492353031932320	-6.3814423764330055	-168.6078610661678900	-4.1492179460882213	1.5896416441107806	0.9969951528243048	-0.0129082635760851	-0.0763809005988503	-0.0276682123160348	-0.9803174756795574	-0.1954791981375391	-0.0723542346519950	0.1970051359957673	-0.9777289200587315
20170209_110629.jpg	-14.1918335166626690	-25.8429152299971040	-6.5547743110293251	-166.8067052810751200	-4.0274541745394909	2.0348401906996094	0.9969014887443379	-0.0185500150635167	-0.0764416030736272	-0.0354195111935218	-0.9735608682395124	-0.2256650040647392	-0.0702344642332712	0.2276733027253526	-0.9712013113973824
20170209_110630.jpg	-14.1390098139131000	-27.1410480365555640	-6.8361208339060164	-167.0622327646232200	-4.1205471288005091	1.8614492251911707	0.9968887405741845	-0.0155787478962828	-0.0772666909502430	-0.0323987376708801	-0.9746220947208991	-0.2214996484854551	-0.0718551370032080	0.2233138488670838	-0.9720945243084231
20170209_110631.jpg	-14.1344730636744330	-28.2470855426652500	-7.1481604719789411	-167.8902143025157200	-3.3545475475938051	1.8519888840783354	0.9977651037792290	-0.0193294481141404	-0.0639622554013472	-0.0322623011315013	-0.9776334076134234	-0.2078270055692140	-0.0585144563857918	0.2094261033247014	-0.9760721108812129
20170209_110632.jpg	-14.2497486265352310	-29.5426606470650020	-7.5907594774878575	-166.7450441252897500	-4.2789621820349284	2.2608413878466846	0.9964363563679426	-0.0213037494397641	-0.0816133443009574	-0.0393389271394885	-0.9732766291804201	-0.2262411366279647	-0.0746125761496873	0.2286454752471763	-0.9706462847656194
20170209_110633.jpg	-14.2313443360900570	-31.5997621567317420	-8.0779482444140456	-167.5949852407756900	-4.4810949077103324	1.5620629819229934	0.9965726870504300	-0.0098455989478247	-0.0821336934908221	-0.0271764363956813	-0.9767480670136379	-0.2126608917736257	-0.0781301525015612	0.2141641374424785	-0.9736680140086774
20170209_110634.jpg	-14.2100607040396840	-31.9194425834185080	-8.1496367791088549	-167.6759808600499200	-4.9272655613576584	1.7485582103810990	0.9958406154513551	-0.0114861713893633	-0.0903854882394324	-0.0304005999248201	-0.9770606612804903	-0.2107801406735040	-0.0858910480881299	0.2126511980802019	-0.9733458767639474
20170209_110635.jpg	-14.2088096409868890	-33.0490277533161250	-8.4733951968614889	-167.9011461049203700	-4.4676116174012828	2.0198517258090001	0.9963420891199813	-0.0181461788265646	-0.0835054348053218	-0.0351386681874229	-0.9777553574605042	-0.2067842715375032	-0.0778955418881318	0.2089621428663001	-0.9748164480571090
20170209_110636.jpg	-14.2696221902985310	-34.2752454895184610	-8.7524856731536964	-168.9173126348856600	-5.3339972547341441	1.4023044122883674	0.9953715167298727	-0.0061518004752348	-0.0959046351006342	-0.0243664132676105	-0.9814941941827935	-0.1899353171212267	-0.0929613983723615	0.1913930566566662	-0.9771012620380107
20170209_110637.jpg	-14.2999092575926400	-35.4479294439297450	-9.0625770784155062	-169.2054616765763100	-5.6782918581923756	1.9062057226070104	0.9945424630649928	-0.0141543351913760	-0.1033680025728831	-0.0331002095725116	-0.9823779157657717	-0.1839510987788716	-0.0989427374134818	0.1863686814113052	-0.9774850634675389
20170209_110638.jpg	-14.2946196521311890	-36.7527954478575370	-9.3112089355376213	-169.3728360828279400	-4.9999588971337099	1.7405365977639935	0.9957351374458028	-0.0137869754956435	-0.0912220113923762	-0.0302578441594203	-0.9828827510493512	-0.1817304612784653	-0.0871550280971358	0.1837155872438212	-0.9791080553652112
20170209_110639.jpg	-14.3319286169891460	-38.2183627941378890	-9.6776518490125323	-169.3932131613802000	-5.0878105052101636	2.1539476034180027	0.9953561871328364	-0.0206303982653738	-0.0940236534271783	-0.0374365381551971	-0.9828325888762424	-0.1806615837796679	-0.0886823902888085	0.1833425452813273	-0.9790408289455695
20170209_110640.jpg	-14.2146954588629290	-39.2331408437899610	-9.7558012547030231	-169.3671204926150400	-4.3893665005042592	2.2319653708208507	0.9963105427691240	-0.0241656036544916	-0.0823488067133187	-0.0388310652488166	-0.9826339701340648	-0.1814459399110609	-0.0765339842079036	0.1839741947626900	-0.9799469602599338
20170209_110641.jpg	-14.3575550389970610	-40.3216156416782570	-10.1797407549717850	-169.9770052944810700	-5.6557723235428616	2.3341664805782596	0.9943062655221113	-0.0229680096225413	-0.1040553740921219	-0.0405293580457431	-0.9846195028972986	-0.1699464787828125	-0.0985516183523768	0.1731961461703343	-0.9799442195716406
20170209_110642.jpg	-14.3740667751943170	-41.4159570657813280	-10.4130264940756200	-168.9149145458687800	-5.4925790841560644	2.5628631160760946	0.9944129588544011	-0.0254964826203246	-0.1024343528140185	-0.0445101784806275	-0.9811840752966353	-0.1878740386426752	-0.0957168285833689	0.1913837499848883	-0.9768370124886056
20170209_110643.jpg	-14.4195320693396220	-42.7089782666639410	-10.6839228925153570	-168.1858289142973900	-5.7518447175639187	3.5022671637483573	0.9931070769340593	-0.0393134381827383	-0.1104209550843521	-0.0607804747372991	-0.9782421824153450	-0.1983632184503253	-0.1002200959598275	0.2037073541174077	-0.9738887237484005
20170209_110644.jpg	-13.9036042505311720	-44.2616108255293810	-10.4569687098407100	-167.7333248861259800	-3.1699345810268289	3.1713910623540169	0.9969407743445090	-0.0423292509196156	-0.0657063692951835	-0.0552383078248667	-0.9763227605935541	-0.2091473081242669	-0.0552975749740989	0.2121369879666580	-0.9756741651486002
20170209_110645.jpg	-14.4422304610977150	-45.2738451616309380	-11.1189126572063430	-166.5805195717920200	-5.4455523281447817	2.8440119337133356	0.9942607076258035	-0.0262652127531068	-0.1037100953160821	-0.0493930614887571	-0.9725917506214235	-0.2272127023296081	-0.0948997931936875	0.2310312213147592	-0.9683070814724046
20170209_110646.jpg	-14.4511298796583070	-46.1515612548109570	-11.4672642816004070	-167.2931407564711600	-5.4025266125728661	2.6242576197979872	0.9945137469973292	-0.0239762609850699	-0.1018211468335948	-0.0455825339463394	-0.9754334042094447	-0.2155270436659980	-0.0941522152281266	0.2189858736575261	-0.9711748284969533
20170209_110647.jpg	-14.5158486729980700	-47.3014614939509390	-11.7769399461266210	-147.9050742660179200	-4.4498563213813132	3.9518819609227260	0.9946150657445803	-0.0172601997408257	-0.1021907848037740	-0.0687109295105308	-0.8479957253587870	-0.5255302635805320	-0.0775865913654113	0.5297219414731954	-0.8446152884965824
20170209_110648.jpg	-14.4722398789058000	-47.5324456287789940	-11.8620772616497860	-151.2166445988276300	-3.1122496178205719	5.0220883072398443	0.9946917721560503	-0.0506826115815545	-0.0895519474290168	-0.0874106692721553	-0.8753703747286876	-0.4754851017064057	-0.0542922950560205	0.4807889141095398	-0.8751539103305887
20170209_110649.jpg	-14.3456284761221460	-47.4530829524778990	-11.9647554042709550	-150.5424856763622500	-1.3947713180548915	4.9370602195547537	0.9959946526590969	-0.0630094706200671	-0.0634386198357418	-0.0860358654605296	-0.8685202658118589	-0.4881294682034220	-0.0243409475769234	0.4916323366971266	-0.8704626148116764
20170209_110650.jpg	-13.9916048933303790	-46.6131551007225370	-11.8788510916834010	-150.6889044728865500	-1.7178986640299392	4.6997080915716216	0.9961898593125222	-0.0568171927386890	-0.0661632134361064	-0.0818966055163887	-0.8702451926021777	-0.4857635749597655	-0.0299784957559598	0.4893312899887901	-0.8715825712060312